  S = [0.0603784974222861 0.120536680255323 0.180255037813906 0.239315664287558 0.297503053855203 0.354604887042536 0.410412805452757 0.464723172043769 0.517337814177657 0.568064746731156 0.616718872628543;0.120536680255323 0.239315664287558 0.354604887042536 0.464723172043769 0.568064746731156 0.663122658240795 0.748510748171101 0.822983865893656 0.885456025653210 0.935016242685415 0.970941817426052;0.180255037813906 0.354604887042536 0.517337814177657 0.663122658240795 0.787183480609050 0.885456025653210 0.954720866508546 0.992708874098054 0.998175554223318 0.970941817426052 0.911899845992090;0.239315664287558 0.464723172043769 0.663122658240795 0.822983865893656 0.935016242685415 0.992708874098054 0.992708874098054 0.935016242685415 0.822983865893657 0.663122658240795 0.464723172043769;0.297503053855203 0.568064746731156 0.787183480609050 0.935016242685415 0.998175554223318 0.970941817426052 0.855781272301448 0.663122658240795 0.410412805452757 0.120536680255323 -0.180255037813906;0.354604887042536 0.663122658240795 0.885456025653210 0.992708874098054 0.970941817426052 0.822983865893657 0.568064746731156 0.239315664287558 -0.120536680255323 -0.464723172043768 -0.748510748171101;0.410412805452757 0.748510748171101 0.954720866508546 0.992708874098054 0.855781272301448 0.568064746731156 0.180255037813906 -0.239315664287557 -0.616718872628543 -0.885456025653210 -0.998175554223318;0.464723172043769 0.822983865893656 0.992708874098054 0.935016242685415 0.663122658240795 0.239315664287558 -0.239315664287557 -0.663122658240795 -0.935016242685415 -0.992708874098054 -0.822983865893657;0.517337814177657 0.885456025653210 0.998175554223318 0.822983865893657 0.410412805452757 -0.120536680255323 -0.616718872628543 -0.935016242685415 -0.983619906947144 -0.748510748171101 -0.297503053855203;0.568064746731156 0.935016242685415 0.970941817426052 0.663122658240795 0.120536680255323 -0.464723172043768 -0.885456025653210 -0.992708874098054 -0.748510748171101 -0.239315664287558 0.354604887042536;0.616718872628543 0.970941817426052 0.911899845992090 0.464723172043769 -0.180255037813905 -0.748510748171101 -0.998175554223317 -0.822983865893657 -0.297503053855204 0.354604887042535 0.855781272301447;0.663122658240795 0.992708874098054 0.822983865893657 0.239315664287558 -0.464723172043768 -0.935016242685415 -0.935016242685415 -0.464723172043768 0.239315664287557 0.822983865893656 0.992708874098054;0.707106781186548 1 0.707106781186548 -3.21624529935327e-16 -0.707106781186548 -1 -0.707106781186547 6.43249059870655e-16 0.707106781186547 1 0.707106781186547;0.748510748171101 0.992708874098054 0.568064746731156 -0.239315664287557 -0.885456025653210 -0.935016242685415 -0.354604887042536 0.464723172043768 0.970941817426052 0.822983865893657 0.120536680255323;0.787183480609050 0.970941817426052 0.410412805452757 -0.464723172043768 -0.983619906947144 -0.748510748171102 0.0603784974222847 0.822983865893656 0.954720866508546 0.354604887042536 -0.517337814177655;0.822983865893656 0.935016242685415 0.239315664287558 -0.663122658240795 -0.992708874098054 -0.464723172043768 0.464723172043768 0.992708874098054 0.663122658240796 -0.239315664287558 -0.935016242685414;0.855781272301448 0.885456025653210 0.0603784974222859 -0.822983865893656 -0.911899845992090 -0.120536680255323 0.787183480609050 0.935016242685415 0.180255037813906 -0.748510748171101 -0.954720866508545;0.885456025653210 0.822983865893657 -0.120536680255323 -0.935016242685415 -0.748510748171101 0.239315664287557 0.970941817426052 0.663122658240796 -0.354604887042535 -0.992708874098054 -0.568064746731155;0.911899845992090 0.748510748171101 -0.297503053855203 -0.992708874098054 -0.517337814177657 0.568064746731156 0.983619906947144 0.239315664287559 -0.787183480609050 -0.885456025653210 0.0603784974222844;0.935016242685415 0.663122658240795 -0.464723172043768 -0.992708874098054 -0.239315664287558 0.822983865893656 0.822983865893657 -0.239315664287558 -0.992708874098054 -0.464723172043769 0.663122658240795;0.954720866508546 0.568064746731156 -0.616718872628543 -0.935016242685415 0.0603784974222864 0.970941817426052 0.517337814177657 -0.663122658240795 -0.911899845992090 0.120536680255324 0.983619906947144;0.970941817426052 0.464723172043769 -0.748510748171101 -0.822983865893657 0.354604887042535 0.992708874098054 0.120536680255325 -0.935016242685414 -0.568064746731157 0.663122658240794 0.885456025653211;0.983619906947144 0.354604887042536 -0.855781272301447 -0.663122658240796 0.616718872628543 0.885456025653210 -0.297503053855202 -0.992708874098054 -0.0603784974222872 0.970941817426052 0.410412805452758;0.992708874098054 0.239315664287558 -0.935016242685415 -0.464723172043768 0.822983865893656 0.663122658240796 -0.663122658240795 -0.822983865893656 0.464723172043768 0.935016242685416 -0.239315664287558;0.998175554223318 0.120536680255323 -0.983619906947144 -0.239315664287558 0.954720866508546 0.354604887042536 -0.911899845992090 -0.464723172043769 0.855781272301447 0.568064746731156 -0.787183480609051;1 -3.21624529935327e-16 -1 6.43249059870655e-16 1 3.67394039744206e-16 -1 1.28649811974131e-15 1 -1.16403343982657e-15 -1;0.998175554223318 -0.120536680255323 -0.983619906947144 0.239315664287557 0.954720866508546 -0.354604887042535 -0.911899845992091 0.464723172043768 0.855781272301448 -0.568064746731155 -0.787183480609052;0.992708874098054 -0.239315664287557 -0.935016242685415 0.464723172043768 0.822983865893657 -0.663122658240795 -0.663122658240796 0.822983865893656 0.464723172043769 -0.935016242685414 -0.239315664287557;0.983619906947144 -0.354604887042536 -0.855781272301448 0.663122658240795 0.616718872628543 -0.885456025653209 -0.297503053855203 0.992708874098054 -0.0603784974222861 -0.970941817426052 0.410412805452757;0.970941817426052 -0.464723172043768 -0.748510748171102 0.822983865893656 0.354604887042536 -0.992708874098054 0.120536680255320 0.935016242685416 -0.568064746731155 -0.663122658240796 0.885456025653208;0.954720866508546 -0.568064746731156 -0.616718872628544 0.935016242685415 0.0603784974222870 -0.970941817426052 0.517337814177655 0.663122658240796 -0.911899845992090 -0.120536680255325 0.983619906947144;0.935016242685415 -0.663122658240795 -0.464723172043768 0.992708874098054 -0.239315664287558 -0.822983865893656 0.822983865893656 0.239315664287559 -0.992708874098054 0.464723172043769 0.663122658240799;0.911899845992090 -0.748510748171101 -0.297503053855203 0.992708874098054 -0.517337814177658 -0.568064746731155 0.983619906947144 -0.239315664287558 -0.787183480609050 0.885456025653211 0.0603784974222840;0.885456025653210 -0.822983865893656 -0.120536680255323 0.935016242685415 -0.748510748171101 -0.239315664287557 0.970941817426052 -0.663122658240795 -0.354604887042536 0.992708874098054 -0.568064746731157;0.855781272301448 -0.885456025653210 0.0603784974222864 0.822983865893657 -0.911899845992090 0.120536680255324 0.787183480609051 -0.935016242685414 0.180255037813903 0.748510748171103 -0.954720866508545;0.822983865893657 -0.935016242685415 0.239315664287557 0.663122658240796 -0.992708874098054 0.464723172043768 0.464723172043769 -0.992708874098054 0.663122658240795 0.239315664287558 -0.935016242685415;0.787183480609050 -0.970941817426052 0.410412805452756 0.464723172043769 -0.983619906947144 0.748510748171101 0.0603784974222855 -0.822983865893656 0.954720866508545 -0.354604887042535 -0.517337814177656;0.748510748171101 -0.992708874098054 0.568064746731156 0.239315664287559 -0.885456025653210 0.935016242685415 -0.354604887042532 -0.464723172043770 0.970941817426052 -0.822983865893656 0.120536680255320;0.707106781186548 -1 0.707106781186547 3.67394039744206e-16 -0.707106781186549 1 -0.707106781186545 -7.34788079488412e-16 0.707106781186549 -1 0.707106781186545;0.663122658240795 -0.992708874098054 0.822983865893656 -0.239315664287558 -0.464723172043769 0.935016242685416 -0.935016242685414 0.464723172043769 0.239315664287558 -0.822983865893657 0.992708874098054;0.616718872628543 -0.970941817426052 